 ,0.000000e+00,1.000000e-02,2.000000e-02,3.000000e-02,4.000000e-02,5.000000e-02,6.000000e-02,7.000000e-02,8.000000e-02,9.000000e-02,1.000000e-01,1.100000e-01,1.200000e-01,1.300000e-01,1.400000e-01,1.500000e-01,1.600000e-01,1.700000e-01,1.800000e-01,1.900000e-01,2.000000e-01,2.100000e-01,2.200000e-01,2.300000e-01,2.400000e-01,2.500000e-01,2.600000e-01,2.700000e-01,2.800000e-01,2.900000e-01,3.000000e-01,3.100000e-01,3.200000e-01,3.300000e-01,3.400000e-01,3.500000e-01,3.600000e-01,3.700000e-01,3.800000e-01,3.900000e-01,4.000000e-01,4.100000e-01,4.200000e-01,4.300000e-01,4.400000e-01,4.500000e-01,4.600000e-01,4.700000e-01,4.800000e-01,4.900000e-01,5.000000e-01,5.100000e-01,5.200000e-01,5.300000e-01,5.400000e-01,5.500000e-01,5.600000e-01,5.700000e-01,5.800000e-01,5.900000e-01,6.000000e-01,6.100000e-01,6.200000e-01,6.300000e-01,6.400000e-01,6.500000e-01,6.600000e-01,6.700000e-01,6.800000e-01,6.900000e-01,7.000000e-01,7.100000e-01,7.200000e-01,7.300000e-01,7.400000e-01,7.500000e-01,7.600000e-01,7.700000e-01,7.800000e-01,7.900000e-01,8.000000e-01,8.100000e-01,8.200000e-01,8.300000e-01,8.400000e-01,8.500000e-01,8.600000e-01,8.700000e-01,8.800000e-01,8.900000e-01,9.000000e-01,9.100000e-01,9.200000e-01,9.300000e-01,9.400000e-01,9.500000e-01,9.600000e-01,9.700000e-01,9.800000e-01,9.900000e-01,
0.000000e+00,1.000000e-01,0.000000e+00,0.000000e+00,0.000000e+00,0.000000e+00,0.000000e+00,0.000000e+00,0.000000e+00,0.000000e+00,0.000000e+00,0.000000e+00,0.000000e+00,0.000000e+00,0.000000e+00,0.000000e+00,0.000000e+00,0.000000e+00,0.000000e+00,0.000000e+00,0.000000e+00,0.000000e+00,0.000000e+00,0.000000e+00,0.000000e+00,0.000000e+00,0.000000e+00,0.000000e+00,0.000000e+00,0.000000e+00,0.000000e+00,0.000000e+00,0.000000e+00,0.000000e+00,0.000000e+00,0.000000e+00,0.000000e+00,0.000000e+00,0.000000e+00,0.000000e+00,0.000000e+00,0.000000e+00,0.000000e+00,0.000000e+00,0.000000e+00,0.000000e+00,0.000000e+00,0.000000e+00,0.000000e+00,0.000000e+00,0.000000e+00,0.000000e+00,0.000000e+00,0.000000e+00,0.000000e+00,0.000000e+00,0.000000e+00,0.000000e+00,0.000000e+00,0.000000e+00,0.000000e+00,0.000000e+00,0.000000e+00,0.000000e+00,0.000000e+00,0.000000e+00,0.000000e+00,0.000000e+00,0.000000e+00,0.000000e+00,0.000000e+00,0.000000e+00,0.000000e+00,0.000000e+00,0.000000e+00,0.000000e+00,0.000000e+00,0.000000e+00,0.000000e+00,0.000000e+00,0.000000e+00,0.000000e+00,0.000000e+00,0.000000e+00,0.000000e+00,0.000000e+00,0.000000e+00,0.000000e+00,0.000000e+00,0.000000e+00,0.000000e+00,0.000000e+00,0.000000e+00,0.000000e+00,0.000000e+00,0.000000e+00,0.000000e+00,0.000000e+00,0.000000e+00,0.000000e+00,0.000000e+00,
1.000000e-02,0.000000e+00,3.242576e-08,6.478627e-08,9.704903e-08,1.291817e-07,1.611520e-07,1.929281e-07,2.244780e-07,2.557703e-07,2.867738e-07,3.174576e-07,3.477910e-07,3.777440e-07,4.072867e-07,4.363899e-07,4.650248e-07,4.931628e-07,5.207764e-07,5.478381e-07,5.743213e-07,6.002000e-07,6.254487e-07,6.500425e-07,6.739575e-07,6.971703e-07,7.196581e-07,7.413990e-07,7.623720e-07,7.825567e-07,8.019335e-07,8.204838e-07,8.381897e-07,8.550343e-07,8.710013e-07,8.860757e-07,9.002432e-07,9.134903e-07,9.258047e-07,9.371749e-07,9.475905e-07,9.570417e-07,9.655202e-07,9.730183e-07,9.795295e-07,9.850481e-07,9.895697e-07,9.930906e-07,9.956083e-07,9.971212e-07,9.976289e-07,9.971318e-07,9.956314e-07,9.931303e-07,9.896318e-07,9.851406e-07,9.796622e-07,9.732029e-07,9.657704e-07,9.573731e-07,9.480203e-07,9.377225e-07,9.264909e-07,9.143377e-07,9.012762e-07,8.873204e-07,8.724852e-07,8.567865e-07,8.402408e-07,8.228658e-07,8.046796e-07,7.857015e-07,7.659514e-07,7.454498e-07,7.242182e-07,7.022787e-07,6.796541e-07,6.563679e-07,6.324441e-07,6.079075e-07,5.827834e-07,5.570977e-07,5.308769e-07,5.041478e-07,4.769379e-07,4.492751e-07,4.211877e-07,3.927044e-07,3.638542e-07,3.346667e-07,3.051715e-07,2.753986e-07,2.453784e-07,2.151413e-07,1.847179e-07,1.541391e-07,1.234358e-07,9.263919e-08,6.178023e-08,3.089013e-08,0.000000e+00,
2.000000e-02,0.000000e+00,6.478627e-08,1.294422e-07,1.939028e-07,2.581034e-07,3.219798e-07,3.854679e-07,4.485043e-07,5.110259e-07,5.729705e-07,6.342763e-07,6.948821e-07,7.547278e-07,8.137539e-07,8.719017e-07,9.291137e-07,9.853333e-07,1.040505e-06,1.094574e-06,1.147487e-06,1.199192e-06,1.249639e-06,1.298777e-06,1.346559e-06,1.392938e-06,1.437868e-06,1.481306e-06,1.523210e-06,1.563539e-06,1.602253e-06,1.639317e-06,1.674693e-06,1.708348e-06,1.740250e-06,1.770368e-06,1.798675e-06,1.825142e-06,1.849746e-06,1.872464e-06,1.893274e-06,1.912157e-06,1.929097e-06,1.944078e-06,1.957088e-06,1.968114e-06,1.977148e-06,1.984183e-06,1.989213e-06,1.992236e-06,1.993250e-06,1.992257e-06,1.989259e-06,1.984262e-06,1.977272e-06,1.968299e-06,1.957353e-06,1.944447e-06,1.929597e-06,1.912819e-06,1.894133e-06,1.873558e-06,1.851117e-06,1.826835e-06,1.800739e-06,1.772855e-06,1.743214e-06,1.711849e-06,1.678791e-06,1.644075e-06,1.607740e-06,1.569822e-06,1.530361e-06,1.489399e-06,1.446979e-06,1.403144e-06,1.357940e-06,1.311415e-06,1.263615e-06,1.214591e-06,1.164394e-06,1.113074e-06,1.060685e-06,1.007281e-06,9.529159e-07,8.976460e-07,8.415277e-07,7.846183e-07,7.269761e-07,6.686598e-07,6.097288e-07,5.502430e-07,4.902629e-07,4.298495e-07,3.690640e-07,3.079679e-07,2.466232e-07,1.850919e-07,1.234361e-07,6.171808e-08,0.000000e+00,
3.000000e-02,0.000000e+00,9.704903e-08,1.939028e-07,2.904640e-07,3.866357e-07,4.823217e-07,5.774261e-07,6.718538e-07,7.655106e-07,8.583028e-07,9.501380e-07,1.040925e-06,1.130573e-06,1.218993e-06,1.306098e-06,1.391801e-06,1.476017e-06,1.558663e-06,1.639658e-06,1.718921e-06,1.796375e-06,1.871943e-06,1.945552e-06,2.017128e-06,2.086603e-06,2.153908e-06,2.218978e-06,2.281750e-06,2.342161e-06,2.400156e-06,2.455676e-06,2.508669e-06,2.559084e-06,2.606873e-06,2.651990e-06,2.694392e-06,2.734040e-06,2.770897e-06,2.804928e-06,2.836101e-06,2.864388e-06,2.889764e-06,2.912205e-06,2.931693e-06,2.948210e-06,2.961743e-06,2.972281e-06,2.979816e-06,2.984344e-06,2.985864e-06,2.984376e-06,2.979885e-06,2.972399e-06,2.961929e-06,2.948487e-06,2.932090e-06,2.912758e-06,2.890512e-06,2.865379e-06,2.837387e-06,2.806566e-06,2.772950e-06,2.736576e-06,2.697484e-06,2.655715e-06,2.611313e-06,2.564328e-06,2.514807e-06,2.462804e-06,2.408374e-06,2.351573e-06,2.292462e-06,2.231101e-06,2.167556e-06,2.101892e-06,2.034178e-06,1.964483e-06,1.892880e-06,1.819443e-06,1.744247e-06,1.667371e-06,1.588893e-06,1.508894e-06,1.427456e-06,1.344662e-06,1.260598e-06,1.175348e-06,1.089001e-06,1.001644e-06,9.133660e-07,8.242570e-07,7.344077e-07,6.439091e-07,5.528532e-07,4.613321e-07,3.694385e-07,2.772654e-07,1.849058e-07,9.245290e-08,0.000000e+00,
4.000000e-02,0.000000e+00,1.291817e-07,2.581034e-07,3.866357e-07,5.146497e-07,6.420170e-07,7.686102e-07,8.943027e-07,1.018969e-06,1.142484e-06,1.264726e-06,1.385572e-06,1.504902e-06,1.622598e-06,1.738543e-06,1.852622e-06,1.964722e-06,2.074732e-06,2.182544e-06,2.288051e-06,2.391150e-06,2.491738e-06,2.589718e-06,2.684994e-06,2.777471e-06,2.867061e-06,2.953675e-06,3.037230e-06,3.117644e-06,3.194840e-06,3.268743e-06,3.339282e-06,3.406389e-06,3.470000e-06,3.530056e-06,3.586498e-06,3.639273e-06,3.688333e-06,3.733631e-06,3.775125e-06,3.812778e-06,3.846556e-06,3.876428e-06,3.902368e-06,3.924354e-06,3.942367e-06,3.956394e-06,3.966424e-06,3.972452e-06,3.974474e-06,3.972494e-06,3.966516e-06,3.956552e-06,3.942614e-06,3.924722e-06,3.902896e-06,3.877163e-06,3.847552e-06,3.814098e-06,3.776837e-06,3.735811e-06,3.691066e-06,3.642648e-06,3.590612e-06,3.535014e-06,3.475911e-06,3.413369e-06,3.347452e-06,3.278231e-06,3.205779e-06,3.130172e-06,3.051489e-06,2.969812e-06,2.885227e-06,2.797822e-06,2.707687e-06,2.614917e-06,2.519606e-06,2.421855e-06,2.321762e-06,2.219433e-06,2.114971e-06,2.008484e-06,1.900082e-06,1.789876e-06,1.677978e-06,1.564503e-06,1.449566e-06,1.333285e-06,1.215779e-06,1.097166e-06,9.775678e-07,8.571054e-07,7.359011e-07,6.140777e-07,4.917584e-07,3.690671e-07,2.461275e-07,1.230638e-07,0.000000e+00,
5.000000e-02,0.000000e+00,1.611520e-07,3.219798e-07,4.823217e-07,6.420170e-07,8.009057e-07,9.588286e-07,1.115628e-06,1.271147e-06,1.425230e-06,1.577725e-06,1.728478e-06,1.877341e-06,2.024165e-06,2.168804e-06,2.311116e-06,2.450958e-06,2.588194e-06,2.722688e-06,2.854306e-06,2.982920e-06,3.108402e-06,3.230631e-06,3.349486e-06,3.464850e-06,3.576611e-06,3.684661e-06,3.788894e-06,3.889210e-06,3.985510e-06,4.077703e-06,4.165699e-06,4.249414e-06,4.328768e-06,4.403686e-06,4.474097e-06,4.539933e-06,4.601134e-06,4.657643e-06,4.709407e-06,4.756378e-06,4.798515e-06,4.835780e-06,4.868139e-06,4.895566e-06,4.918038e-06,4.935536e-06,4.948049e-06,4.955568e-06,4.958091e-06,4.955620e-06,4.948164e-06,4.935733e-06,4.918346e-06,4.896026e-06,4.868798e-06,4.836697e-06,4.799758e-06,4.758024e-06,4.711542e-06,4.660363e-06,4.604543e-06,4.544144e-06,4.479230e-06,4.409871e-06,4.336142e-06,4.258121e-06,4.175891e-06,4.089539e-06,3.999156e-06,3.904838e-06,3.806682e-06,3.704791e-06,3.599273e-06,3.490237e-06,3.377795e-06,3.262065e-06,3.143167e-06,3.021223e-06,2.896360e-06,2.768705e-06,2.638391e-06,2.505551e-06,2.370321e-06,2.232840e-06,2.093250e-06,1.951691e-06,1.808309e-06,1.663251e-06,1.516664e-06,1.368696e-06,1.219500e-06,1.069225e-06,9.180244e-07,7.660517e-07,6.134605e-07,4.604050e-07,3.070399e-07,1.535200e-07,0.000000e+00,
6.000000e-02,0.000000e+00,1.929281e-07,3.854679e-07,5.774261e-07,7.686102e-07,9.588286e-07,1.147891e-06,1.335608e-06,1.521792e-06,1.706258e-06,1.888821e-06,2.069300e-06,2.247516e-06,2.423290e-06,2.596450e-06,2.766822e-06,2.934239e-06,3.098535e-06,3.259548e-06,3.417119e-06,3.571093e-06,3.721319e-06,3.867648e-06,4.009939e-06,4.148050e-06,4.281849e-06,4.411204e-06,4.535990e-06,4.656086e-06,4.771375e-06,4.881746e-06,4.987093e-06,5.087315e-06,5.182317e-06,5.272007e-06,5.356301e-06,5.435119e-06,5.508388e-06,5.576039e-06,5.638009e-06,5.694243e-06,5.744688e-06,5.789301e-06,5.828041e-06,5.860876e-06,5.887778e-06,5.908727e-06,5.923707e-06,5.932709e-06,5.935729e-06,5.932772e-06,5.923844e-06,5.908963e-06,5.888148e-06,5.861426e-06,5.828830e-06,5.790398e-06,5.746176e-06,5.696213e-06,5.640565e-06,5.579295e-06,5.512469e-06,5.440159e-06,5.362446e-06,5.279411e-06,5.191144e-06,5.097739e-06,4.999295e-06,4.895916e-06,4.787711e-06,4.674795e-06,4.557284e-06,4.435303e-06,4.308979e-06,4.178443e-06,4.043830e-06,3.905280e-06,3.762938e-06,3.616949e-06,3.467465e-06,3.314640e-06,3.158630e-06,2.999596e-06,2.837702e-06,2.673113e-06,2.505997e-06,2.336526e-06,2.164872e-06,1.991211e-06,1.815720e-06,1.638576e-06,1.459961e-06,1.280055e-06,1.099041e-06,9.171020e-07,7.344228e-07,5.511878e-07,3.675822e-07,1.837911e-07,0.000000e+00,
7.000000e-02,0.000000e+00,2.244780e-07,4.485043e-07,6.718538e-07,8.943027e-07,1.115628e-06,1.335608e-06,1.554023e-06,1.770654e-06,1.985286e-06,2.197704e-06,2.407698e-06,2.615057e-06,2.819576e-06,3.021053e-06,3.219287e-06,3.414082e-06,3.605246e-06,3.792589e-06,3.975928e-06,4.155082e-06,4.329874e-06,4.500133e-06,4.665692e-06,4.826390e-06,4.982069e-06,5.132578e-06,5.277770e-06,5.417505e-06,5.551648e-06,5.680068e-06,5.802643e-06,5.919255e-06,6.029792e-06,6.134149e-06,6.232228e-06,6.323935e-06,6.409186e-06,6.487900e-06,6.560005e-06,6.625434e-06,6.684129e-06,6.736037e-06,6.781112e-06,6.819317e-06,6.850619e-06,6.874993e-06,6.892423e-06,6.902897e-06,6.906411e-06,6.902970e-06,6.892583e-06,6.875268e-06,6.851049e-06,6.819957e-06,6.782030e-06,6.737314e-06,6.685860e-06,6.627726e-06,6.562979e-06,6.491688e-06,6.413934e-06,6.329800e-06,6.239377e-06,6.142764e-06,6.040062e-06,5.931382e-06,5.816840e-06,5.696555e-06,5.570656e-06,5.439273e-06,5.302546e-06,5.160618e-06,5.013635e-06,4.861752e-06,4.705126e-06,4.543919e-06,4.378299e-06,4.208436e-06,4.034507e-06,3.856689e-06,3.675167e-06,3.490126e-06,3.301757e-06,3.110252e-06,2.915808e-06,2.718623e-06,2.518898e-06,2.316838e-06,2.112648e-06,1.906536e-06,1.698711e-06,1.489385e-06,1.278769e-06,1.067078e-06,8.545244e-07,6.413247e-07,4.276936e-07,2.138469e-07,0.000000e+00,
8.000000e-02,0.000000e+00,2.557703e-07,5.110259e-07,7.655106e-07,1.018969e-06,1.271147e-06,1.521792e-06,1.770654e-06,2.017484e-06,2.262036e-06,2.504065e-06,2.743332e-06,2.979597e-06,3.212626e-06,3.442189e-06,3.668057e-06,3.890006e-06,4.107818e-06,4.321278e-06,4.530174e-06,4.734302e-06,4.933460e-06,5.127453e-06,5.316092e-06,5.499191e-06,5.676571e-06,5.848061e-06,6.013494e-06,6.172708e-06,6.325550e-06,6.471872e-06,6.611534e-06,6.744401e-06,6.870347e-06,6.989252e-06,7.101003e-06,7.205495e-06,7.302629e-06,7.392316e-06,7.474472e-06,7.549022e-06,7.615899e-06,7.675043e-06,7.726402e-06,7.769932e-06,7.805598e-06,7.833370e-06,7.853229e-06,7.865163e-06,7.869168e-06,7.865247e-06,7.853412e-06,7.833683e-06,7.806087e-06,7.770661e-06,7.727448e-06,7.676498e-06,7.617871e-06,7.551634e-06,7.477860e-06,7.396632e-06,7.308039e-06,7.212176e-06,7.109149e-06,6.999067e-06,6.882049e-06,6.758219e-06,6.627709e-06,6.490657e-06,6.347207e-06,6.197510e-06,6.041723e-06,5.880009e-06,5.712537e-06,5.539482e-06,5.361022e-06,5.177343e-06,4.988635e-06,4.795094e-06,4.596918e-06,4.394313e-06,4.187486e-06,3.976651e-06,3.762023e-06,3.543822e-06,3.322272e-06,3.097600e-06,2.870034e-06,2.639806e-06,2.407152e-06,2.172308e-06,1.935512e-06,1.697005e-06,1.457030e-06,1.215828e-06,9.736454e-07,7.307255e-07,4.873142e-07,2.436572e-07,0.000000e+00,
9.000000e-02,0.000000e+00,2.867738e-07,5.729705e-07,8.583028e-07,1.142484e-06,1.425230e-06,1.706258e-06,1.985286e-06,2.262036e-06,2.536231e-06,2.807598e-06,3.075868e-06,3.340772e-06,3.602048e-06,3.859437e-06,4.112684e-06,4.361538e-06,4.605752e-06,4.845086e-06,5.079304e-06,5.308175e-06,5.531475e-06,5.748983e-06,5.960487e-06,6.165781e-06,6.364663e-06,6.556941e-06,6.742426e-06,6.920939e-06,7.092308e-06,7.256367e-06,7.412958e-06,7.561931e-06,7.703144e-06,7.836462e-06,7.961759e-06,8.078916e-06,8.187825e-06,8.288383e-06,8.380498e-06,8.464085e-06,8.539069e-06,8.605382e-06,8.662966e-06,8.711773e-06,8.751762e-06,8.782901e-06,8.805167e-06,8.818548e-06,8.823037e-06,8.818641e-06,8.805371e-06,8.783251e-06,8.752311e-06,8.712590e-06,8.664138e-06,8.607013e-06,8.541280e-06,8.467013e-06,8.384297e-06,8.293223e-06,8.193890e-06,8.086408e-06,7.970892e-06,7.847466e-06,7.716264e-06,7.577424e-06,7.431094e-06,7.277429e-06,7.116590e-06,6.948748e-06,6.774077e-06,6.592761e-06,6.404989e-06,6.210956e-06,6.010864e-06,5.804920e-06,5.593338e-06,5.376336e-06,5.154139e-06,4.926974e-06,4.695077e-06,4.458685e-06,4.218040e-06,3.973390e-06,3.724985e-06,3.473079e-06,3.217928e-06,2.959793e-06,2.698937e-06,2.435626e-06,2.170127e-06,1.902710e-06,1.633645e-06,1.363206e-06,1.091667e-06,8.193012e-07,5.463845e-07,2.731923e-07,0.000000e+00,
1.000000e-01,0.000000e+00,3.174576e-07,6.342763e-07,9.501380e-07,1.264726e-06,1.577725e-06,1.888821e-06,2.197704e-06,2.504065e-06,2.807598e-06,3.108001e-06,3.404974e-06,3.698222e-06,3.987454e-06,4.272383e-06,4.552726e-06,4.828206e-06,5.098550e-06,5.363492e-06,5.622771e-06,5.876130e-06,6.123322e-06,6.364103e-06,6.598238e-06,6.825497e-06,7.045659e-06,7.258509e-06,7.463841e-06,7.661454e-06,7.851159e-06,8.032771e-06,8.206117e-06,8.371030e-06,8.527352e-06,8.674934e-06,8.813638e-06,8.943331e-06,9.063892e-06,9.175210e-06,9.277180e-06,9.369711e-06,9.452717e-06,9.526126e-06,9.589872e-06,9.643901e-06,9.688168e-06,9.722638e-06,9.747287e-06,9.762099e-06,9.767070e-06,9.762203e-06,9.747514e-06,9.723026e-06,9.688775e-06,9.644805e-06,9.591169e-06,9.527931e-06,9.455165e-06,9.372952e-06,9.281386e-06,9.180567e-06,9.070606e-06,8.951624e-06,8.823748e-06,8.687116e-06,8.541875e-06,8.388180e-06,8.226193e-06,8.056087e-06,7.878039e-06,7.692238e-06,7.498878e-06,7.298162e-06,7.090299e-06,6.875505e-06,6.654004e-06,6.426025e-06,6.191804e-06,5.951584e-06,5.705612e-06,5.454142e-06,5.197433e-06,4.935748e-06,4.669355e-06,4.398528e-06,4.123545e-06,3.844685e-06,3.562234e-06,3.276480e-06,2.987714e-06,2.696229e-06,2.402323e-06,2.106293e-06,1.808439e-06,1.509064e-06,1.208471e-06,9.069633e-07,6.048456e-07,3.024229e-07,0.000000e+00,
1.100000e-01,0.000000e+00,3.477910e-07,6.948821e-07,1.040925e-06,1.385572e-06,1.728478e-06,2.069300e-06,2.407698e-06,2.743332e-06,3.075868e-06,3.404974e-06,3.730323e-06,4.051592e-06,4.368460e-06,4.680614e-06,4.987744e-06,5.289547e-06,5.585723e-06,5.875981e-06,6.160033e-06,6.437602e-06,6.708413e-06,6.972201e-06,7.228707e-06,7.477681e-06,7.718880e-06,7.952068e-06,8.177019e-06,8.393515e-06,8.601346e-06,8.800312e-06,8.990221e-06,9.170891e-06,9.342150e-06,9.503834e-06,9.655791e-06,9.797876e-06,9.929958e-06,1.005191e-05,1.016363e-05,1.026500e-05,1.035594e-05,1.043636e-05,1.050620e-05,1.056539e-05,1.061388e-05,1.065165e-05,1.067865e-05,1.069488e-05,1.070032e-05,1.069499e-05,1.067890e-05,1.065207e-05,1.061455e-05,1.056638e-05,1.050762e-05,1.043834e-05,1.035862e-05,1.026855e-05,1.016823e-05,1.005778e-05,9.937313e-06,9.806962e-06,9.666867e-06,9.517180e-06,9.358062e-06,9.189681e-06,9.012216e-06,8.825855e-06,8.630795e-06,8.427240e-06,8.215405e-06,7.995510e-06,7.767785e-06,7.532467e-06,7.289801e-06,7.040039e-06,6.783438e-06,6.520265e-06,6.250790e-06,5.975292e-06,5.694053e-06,5.407364e-06,5.115517e-06,4.818813e-06,4.517554e-06,4.212049e-06,3.902610e-06,3.589551e-06,3.273193e-06,2.953857e-06,2.631867e-06,2.307551e-06,1.981238e-06,1.653257e-06,1.323942e-06,9.936247e-07,6.626393e-07,3.313197e-07,0.000000e+00,
1.200000e-01,0.000000e+00,3.777440e-07,7.547278e-07,1.130573e-06,1.504902e-06,1.877341e-06,2.247516e-06,2.615057e-06,2.979597e-06,3.340772e-06,3.698222e-06,4.051592e-06,4.400529e-06,4.744687e-06,5.083725e-06,5.417306e-06,5.745101e-06,6.066785e-06,6.382040e-06,6.690557e-06,6.992030e-06,7.286164e-06,7.572671e-06,7.851268e-06,8.121685e-06,8.383657e-06,8.636928e-06,8.881253e-06,9.116394e-06,9.342124e-06,9.558226e-06,9.764490e-06,9.960721e-06,1.014673e-05,1.032234e-05,1.048738e-05,1.064170e-05,1.078516e-05,1.091762e-05,1.103895e-05,1.114906e-05,1.124782e-05,1.133517e-05,1.141103e-05,1.147531e-05,1.152799e-05,1.156901e-05,1.159833e-05,1.161596e-05,1.162187e-05,1.161608e-05,1.159860e-05,1.156947e-05,1.152871e-05,1.147639e-05,1.141257e-05,1.133732e-05,1.125074e-05,1.115291e-05,1.104396e-05,1.092399e-05,1.079315e-05,1.065157e-05,1.049941e-05,1.033683e-05,1.016401e-05,9.981128e-06,9.788379e-06,9.585968e-06,9.374109e-06,9.153024e-06,8.922944e-06,8.684111e-06,8.436774e-06,8.181190e-06,7.917625e-06,7.646352e-06,7.367652e-06,7.081813e-06,6.789130e-06,6.489905e-06,6.184445e-06,5.873065e-06,5.556084e-06,5.233826e-06,4.906622e-06,4.574805e-06,4.238716e-06,3.898696e-06,3.555092e-06,3.208253e-06,2.858533e-06,2.506286e-06,2.151869e-06,1.795641e-06,1.437964e-06,1.079199e-06,7.197081e-07,3.598541e-07,0.000000e+00,
1.300000e-01,0.000000e+00,4.072867e-07,8.137539e-07,1.218993e-06,1.622598e-06,2.024165e-06,2.423290e-06,2.819576e-06,3.212626e-06,3.602048e-06,3.987454e-06,4.368460e-06,4.744687e-06,5.115762e-06,5.481315e-06,5.840985e-06,6.194416e-06,6.541258e-06,6.881170e-06,7.213814e-06,7.538866e-06,7.856004e-06,8.164917e-06,8.465303e-06,8.756869e-06,9.039329e-06,9.312408e-06,9.575841e-06,9.829372e-06,1.007276e-05,1.030576e-05,1.052816e-05,1.073973e-05,1.094029e-05,1.112963e-05,1.130758e-05,1.147397e-05,1.162865e-05,1.177147e-05,1.190229e-05,1.202100e-05,1.212750e-05,1.222168e-05,1.230346e-05,1.237278e-05,1.242957e-05,1.247380e-05,1.250542e-05,1.252443e-05,1.253080e-05,1.252456e-05,1.250571e-05,1.247430e-05,1.243035e-05,1.237394e-05,1.230513e-05,1.222400e-05,1.213064e-05,1.202516e-05,1.190769e-05,1.177834e-05,1.163726e-05,1.148461e-05,1.132055e-05,1.114526e-05,1.095892e-05,1.076174e-05,1.055391e-05,1.033567e-05,1.010724e-05,9.868867e-06,9.620793e-06,9.363282e-06,9.096601e-06,8.821028e-06,8.536849e-06,8.244360e-06,7.943864e-06,7.635670e-06,7.320097e-06,6.997470e-06,6.668121e-06,6.332388e-06,5.990616e-06,5.643155e-06,5.290361e-06,4.932594e-06,4.570219e-06,4.203607e-06,3.833130e-06,3.459166e-06,3.082094e-06,2.702298e-06,2.320163e-06,1.936076e-06,1.550425e-06,1.163602e-06,7.759953e-07,3.879977e-07,0.000000e+00,
1.400000e-01,0.000000e+00,4.363899e-07,8.719017e-07,1.306098e-06,1.738543e-06,2.168804e-06,2.596450e-06,3.021053e-06,3.442189e-06,3.859437e-06,4.272383e-06,4.680614e-06,5.083725e-06,5.481315e-06,5.872990e-06,6.258360e-06,6.637046e-06,7.008673e-06,7.372872e-06,7.729287e-06,8.077565e-06,8.417365e-06,8.748352e-06,9.070203e-06,9.382602e-06,9.685246e-06,9.977838e-06,1.026010e-05,1.053174e-05,1.079252e-05,1.104217e-05,1.128046e-05,1.150715e-05,1.172204e-05,1.192491e-05,1.211558e-05,1.229386e-05,1.245959e-05,1.261261e-05,1.275279e-05,1.287998e-05,1.299409e-05,1.309500e-05,1.318262e-05,1.325689e-05,1.331775e-05,1.336513e-05,1.339901e-05,1.341937e-05,1.342621e-05,1.341952e-05,1.339932e-05,1.336566e-05,1.331858e-05,1.325814e-05,1.318441e-05,1.309748e-05,1.299745e-05,1.288444e-05,1.275857e-05,1.261998e-05,1.246882e-05,1.230526e-05,1.212948e-05,1.194166e-05,1.174201e-05,1.153073e-05,1.130806e-05,1.107422e-05,1.082947e-05,1.057406e-05,1.030826e-05,1.003235e-05,9.746610e-06,9.451346e-06,9.146861e-06,8.833472e-06,8.511503e-06,8.181287e-06,7.843164e-06,7.497483e-06,7.144600e-06,6.784877e-06,6.418683e-06,6.046394e-06,5.668390e-06,5.285059e-06,4.896790e-06,4.503981e-06,4.107031e-06,3.706345e-06,3.302329e-06,2.895394e-06,2.485953e-06,2.074421e-06,1.661213e-06,1.246748e-06,8.314451e-07,4.157226e-07,0.000000e+00,
1.500000e-01,0.000000e+00,4.650248e-07,9.291137e-07,1.391801e-06,1.852622e-06,2.311116e-06,2.766822e-06,3.219287e-06,3.668057e-06,4.112684e-06,4.552726e-06,4.987744e-06,5.417306e-06,5.840985e-06,6.258360e-06,6.669018e-06,7.072553e-06,7.468564e-06,7.856662e-06,8.236463e-06,8.607595e-06,8.969691e-06,9.322397e-06,9.665367e-06,9.998265e-06,1.032077e-05,1.063256e-05,1.093334e-05,1.122281e-05,1.150070e-05,1.176673e-05,1.202065e-05,1.226222e-05,1.249121e-05,1.270740e-05,1.291057e-05,1.310055e-05,1.327716e-05,1.344022e-05,1.358959e-05,1.372513e-05,1.384673e-05,1.395426e-05,1.404763e-05,1.412678e-05,1.419162e-05,1.424212e-05,1.427822e-05,1.429992e-05,1.430720e-05,1.430007e-05,1.427855e-05,1.424269e-05,1.419251e-05,1.412810e-05,1.404954e-05,1.395690e-05,1.385031e-05,1.372988e-05,1.359575e-05,1.344807e-05,1.328699e-05,1.311270e-05,1.292539e-05,1.272524e-05,1.251249e-05,1.228735e-05,1.205006e-05,1.180088e-05,1.154007e-05,1.126790e-05,1.098466e-05,1.069065e-05,1.038616e-05,1.007152e-05,9.747056e-06,9.413103e-06,9.070007e-06,8.718123e-06,8.357813e-06,7.989450e-06,7.613411e-06,7.230084e-06,6.839862e-06,6.443144e-06,6.040336e-06,5.631851e-06,5.218105e-06,4.799521e-06,4.376525e-06,3.949546e-06,3.519020e-06,3.085383e-06,2.649075e-06,2.210539e-06,1.770218e-06,1.328557e-06,8.860024e-07,4.430013e-07,0.000000e+00,
1.600000e-01,0.000000e+00,4.931628e-07,9.853333e-07,1.476017e-06,1.964722e-06,2.450958e-06,2.934239e-06,3.414082e-06,3.890006e-06,4.361538e-06,4.828206e-06,5.289547e-06,5.745101e-06,6.194416e-06,6.637046e-06,7.072553e-06,7.500504e-06,7.920478e-06,8.332059e-06,8.734842e-06,9.128430e-06,9.512436e-06,9.886484e-06,1.025021e-05,1.060325e-05,1.094526e-05,1.127592e-05,1.159490e-05,1.190189e-05,1.219659e-05,1.247872e-05,1.274801e-05,1.300420e-05,1.324704e-05,1.347631e-05,1.369178e-05,1.389325e-05,1.408054e-05,1.425347e-05,1.441188e-05,1.455563e-05,1.468457e-05,1.479861e-05,1.489764e-05,1.498157e-05,1.505034e-05,1.510389e-05,1.514218e-05,1.516519e-05,1.517291e-05,1.516535e-05,1.514253e-05,1.510449e-05,1.505129e-05,1.498298e-05,1.489966e-05,1.480142e-05,1.468838e-05,1.456066e-05,1.441842e-05,1.426180e-05,1.409097e-05,1.390614e-05,1.370749e-05,1.349523e-05,1.326960e-05,1.303084e-05,1.277920e-05,1.251494e-05,1.223835e-05,1.194971e-05,1.164933e-05,1.133752e-05,1.101461e-05,1.068094e-05,1.033684e-05,9.982679e-06,9.618823e-06,9.245646e-06,8.863535e-06,8.472882e-06,8.074090e-06,7.667568e-06,7.253734e-06,6.833011e-06,6.405830e-06,5.972628e-06,5.533847e-06,5.089935e-06,4.641343e-06,4.188529e-06,3.731952e-06,3.272076e-06,2.809368e-06,2.344296e-06,1.877331e-06,1.408946e-06,9.396134e-07,4.698068e-07,0.000000e+00,
1.700000e-01,0.000000e+00,5.207764e-07,1.040505e-06,1.558663e-06,2.074732e-06,2.588194e-06,3.098535e-06,3.605246e-06,4.107818e-06,4.605752e-06,5.098550e-06,5.585723e-06,6.066785e-06,6.541258e-06,7.008673e-06,7.468564e-06,7.920478e-06,8.363967e-06,8.798594e-06,9.223929e-06,9.639555e-06,1.004506e-05,1.044005e-05,1.082414e-05,1.119695e-05,1.155812e-05,1.190729e-05,1.224413e-05,1.256831e-05,1.287951e-05,1.317744e-05,1.346181e-05,1.373234e-05,1.398878e-05,1.423088e-05,1.445842e-05,1.467117e-05,1.486895e-05,1.505156e-05,1.521884e-05,1.537063e-05,1.550680e-05,1.562723e-05,1.573180e-05,1.582043e-05,1.589305e-05,1.594960e-05,1.599003e-05,1.601433e-05,1.602249e-05,1.601450e-05,1.599041e-05,1.595024e-05,1.589405e-05,1.582192e-05,1.573393e-05,1.563019e-05,1.551082e-05,1.537595e-05,1.522574e-05,1.506035e-05,1.487997e-05,1.468478e-05,1.447501e-05,1.425087e-05,1.401261e-05,1.376047e-05,1.349474e-05,1.321569e-05,1.292361e-05,1.261881e-05,1.230161e-05,1.197234e-05,1.163135e-05,1.127899e-05,1.091563e-05,1.054164e-05,1.015741e-05,9.763336e-06,9.359829e-06,8.947302e-06,8.526181e-06,8.096897e-06,7.659890e-06,7.215610e-06,6.764510e-06,6.307052e-06,5.843703e-06,5.374934e-06,4.901225e-06,4.423056e-06,3.940914e-06,3.455289e-06,2.966672e-06,2.475560e-06,1.982448e-06,1.487837e-06,9.922250e-07,4.961126e-07,0.000000e+00,
1.800000e-01,0.000000e+00,5.478381e-07,1.094574e-06,1.639658e-06,2.182544e-06,2.722688e-06,3.259548e-06,3.792589e-06,4.321278e-06,4.845086e-06,5.363492e-06,5.875981e-06,6.382040e-06,6.881170e-06,7.372872e-06,7.856662e-06,8.332059e-06,8.798594e-06,9.255805e-06,9.703243e-06,1.014047e-05,1.056705e-05,1.098256e-05,1.138661e-05,1.177879e-05,1.215873e-05,1.252604e-05,1.288039e-05,1.322141e-05,1.354878e-05,1.386219e-05,1.416134e-05,1.444593e-05,1.471569e-05,1.497038e-05,1.520974e-05,1.543355e-05,1.564160e-05,1.583371e-05,1.600968e-05,1.616936e-05,1.631260e-05,1.643928e-05,1.654929e-05,1.664253e-05,1.671892e-05,1.677841e-05,1.682094e-05,1.684651e-05,1.685508e-05,1.684668e-05,1.682134e-05,1.677908e-05,1.671997e-05,1.664409e-05,1.655153e-05,1.644240e-05,1.631683e-05,1.617495e-05,1.601694e-05,1.584295e-05,1.565319e-05,1.544786e-05,1.522719e-05,1.499140e-05,1.474076e-05,1.447553e-05,1.419599e-05,1.390243e-05,1.359517e-05,1.327454e-05,1.294085e-05,1.259448e-05,1.223577e-05,1.186510e-05,1.148285e-05,1.108943e-05,1.068523e-05,1.027068e-05,9.846206e-06,9.412243e-06,8.969238e-06,8.517646e-06,8.057931e-06,7.590564e-06,7.116023e-06,6.634793e-06,6.147366e-06,5.654239e-06,5.155913e-06,4.652897e-06,4.145701e-06,3.634840e-06,3.120833e-06,2.604200e-06,2.085465e-06,1.565151e-06,1.043785e-06,5.218927e-07,0.000000e+00,
1.900000e-01,0.000000e+00,5.743213e-07,1.147487e-06,1.718921e-06,2.288051e-06,2.854306e-06,3.417119e-06,3.975928e-06,4.530174e-06,5.079304e-06,5.622771e-06,6.160033e-06,6.690557e-06,7.213814e-06,7.729287e-06,8.236463e-06,8.734842e-06,9.223929e-06,9.703243e-06,1.017231e-05,1.063067e-05,1.107787e-05,1.151348e-05,1.193706e-05,1.234820e-05,1.274650e-05,1.313157e-05,1.350304e-05,1.386055e-05,1.420375e-05,1.453231e-05,1.484592e-05,1.514426e-05,1.542707e-05,1.569407e-05,1.594500e-05,1.617963e-05,1.639774e-05,1.659913e-05,1.678361e-05,1.695101e-05,1.710118e-05,1.723398e-05,1.734931e-05,1.744705e-05,1.752714e-05,1.758950e-05,1.763409e-05,1.766089e-05,1.766988e-05,1.766108e-05,1.763450e-05,1.759020e-05,1.752824e-05,1.744869e-05,1.735166e-05,1.723725e-05,1.710561e-05,1.695687e-05,1.679122e-05,1.660882e-05,1.640989e-05,1.619464e-05,1.596329e-05,1.571611e-05,1.545335e-05,1.517530e-05,1.488224e-05,1.457450e-05,1.425238e-05,1.391625e-05,1.356643e-05,1.320331e-05,1.282726e-05,1.243867e-05,1.203795e-05,1.162550e-05,1.120177e-05,1.076718e-05,1.032219e-05,9.867244e-06,9.402823e-06,8.929401e-06,8.447463e-06,7.957503e-06,7.460022e-06,6.955529e-06,6.444539e-06,5.927573e-06,5.405157e-06,4.877824e-06,4.346110e-06,3.810553e-06,3.271698e-06,2.730091e-06,2.186279e-06,1.640813e-06,1.094243e-06,5.471217e-07,0.000000e+00,
2.000000e-01,0.000000e+00,6.002000e-07,1.199192e-06,1.796375e-06,2.391150e-06,2.982920e-06,3.571093e-06,4.155082e-06,4.734302e-06,5.308175e-06,5.876130e-06,6.437602e-06,6.992030e-06,7.538866e-06,8.077565e-06,8.607595e-06,9.128430e-06,9.639555e-06,1.014047e-05,1.063067e-05,1.110968e-05,1.157704e-05,1.203227e-05,1.247493e-05,1.290460e-05,1.332085e-05,1.372327e-05,1.411148e-05,1.448510e-05,1.484376e-05,1.518713e-05,1.551487e-05,1.582666e-05,1.612221e-05,1.640123e-05,1.666347e-05,1.690868e-05,1.713662e-05,1.734708e-05,1.753987e-05,1.771481e-05,1.787175e-05,1.801054e-05,1.813106e-05,1.823321e-05,1.831690e-05,1.838207e-05,1.842868e-05,1.845668e-05,1.846608e-05,1.845688e-05,1.842911e-05,1.838281e-05,1.831805e-05,1.823492e-05,1.813351e-05,1.801395e-05,1.787638e-05,1.772094e-05,1.754782e-05,1.735721e-05,1.714931e-05,1.692436e-05,1.668259e-05,1.642427e-05,1.614967e-05,1.585909e-05,1.555283e-05,1.523122e-05,1.489459e-05,1.454331e-05,1.417773e-05,1.379825e-05,1.340525e-05,1.299915e-05,1.258037e-05,1.214935e-05,1.170652e-05,1.125235e-05,1.078730e-05,1.031186e-05,9.826511e-06,9.331757e-06,8.828103e-06,8.316065e-06,7.796168e-06,7.268942e-06,6.734927e-06,6.194667e-06,5.648712e-06,5.097618e-06,4.541944e-06,3.982256e-06,3.419120e-06,2.853108e-06,2.284792e-06,1.714747e-06,1.143549e-06,5.717748e-07,0.000000e+00,
2.100000e-01,0.000000e+00,6.254487e-07,1.249639e-06,1.871943e-06,2.491738e-06,3.108402e-06,3.721319e-06,4.329874e-06,4.933460e-06,5.531475e-06,6.123322e-06,6.708413e-06,7.286164e-06,7.856004e-06,8.417365e-06,8.969691e-06,9.512436e-06,1.004506e-05,1.056705e-05,1.107787e-05,1.157704e-05,1.206405e-05,1.253843e-05,1.299972e-05,1.344746e-05,1.388122e-05,1.430057e-05,1.470511e-05,1.509445e-05,1.546820e-05,1.582601e-05,1.616753e-05,1.649244e-05,1.680042e-05,1.709119e-05,1.736446e-05,1.761998e-05,1.785750e-05,1.807682e-05,1.827772e-05,1.846002e-05,1.862356e-05,1.876819e-05,1.889378e-05,1.900023e-05,1.908744e-05,1.915536e-05,1.920392e-05,1.923310e-05,1.924289e-05,1.923331e-05,1.920437e-05,1.915612e-05,1.908864e-05,1.900201e-05,1.889634e-05,1.877175e-05,1.862839e-05,1.846641e-05,1.828601e-05,1.808738e-05,1.787074e-05,1.763632e-05,1.738438e-05,1.711519e-05,1.682904e-05,1.652624e-05,1.620709e-05,1.587195e-05,1.552117e-05,1.515510e-05,1.477415e-05,1.437870e-05,1.396917e-05,1.354599e-05,1.310959e-05,1.266043e-05,1.219898e-05,1.172570e-05,1.124109e-05,1.074565e-05,1.023989e-05,9.724318e-06,9.199476e-06,8.665899e-06,8.124131e-06,7.574727e-06,7.018247e-06,6.455259e-06,5.886337e-06,5.312060e-06,4.733011e-06,4.149778e-06,3.562953e-06,2.973130e-06,2.380907e-06,1.786882e-06,1.191655e-06,5.958278e-07,0.000000e+00,
2.200000e-01,0.000000e+00,6.500425e-07,1.298777e-06,1.945552e-06,2.589718e-06,3.230631e-06,3.867648e-06,4.500133e-06,5.127453e-06,5.748983e-06,6.364103e-06,6.972201e-06,7.572671e-06,8.164917e-06,8.748352e-06,9.322397e-06,9.886484e-06,1.044005e-05,1.098256e-05,1.151348e-05,1.203227e-05,1.253843e-05,1.303147e-05,1.351089e-05,1.397624e-05,1.442705e-05,1.486290e-05,1.528335e-05,1.568799e-05,1.607644e-05,1.644832e-05,1.680327e-05,1.714095e-05,1.746105e-05,1.776325e-05,1.804726e-05,1.831283e-05,1.855970e-05,1.878764e-05,1.899644e-05,1.918591e-05,1.935588e-05,1.950619e-05,1.963672e-05,1.974736e-05,1.983800e-05,1.990858e-05,1.995906e-05,1.998939e-05,1.999956e-05,1.998960e-05,1.995952e-05,1.990938e-05,1.983925e-05,1.974921e-05,1.963938e-05,1.950989e-05,1.936089e-05,1.919255e-05,1.900506e-05,1.879861e-05,1.857345e-05,1.832982e-05,1.806797e-05,1.778820e-05,1.749080e-05,1.717608e-05,1.684439e-05,1.649607e-05,1.613149e-05,1.575103e-05,1.535510e-05,1.494410e-05,1.451847e-05,1.407865e-05,1.362509e-05,1.315827e-05,1.267867e-05,1.218678e-05,1.168311e-05,1.116819e-05,1.064254e-05,1.010670e-05,9.561219e-06,9.006660e-06,8.443589e-06,7.872581e-06,7.294219e-06,6.709094e-06,6.117801e-06,5.520941e-06,4.919123e-06,4.312956e-06,3.703056e-06,3.090040e-06,2.474529e-06,1.857146e-06,1.238514e-06,6.192570e-07,0.000000e+00,
2.300000e-01,0.000000e+00,6.739575e-07,1.346559e-06,2.017128e-06,2.684994e-06,3.349486e-06,4.009939e-06,4.665692e-06,5.316092e-06,5.960487e-06,6.598238e-06,7.228707e-06,7.851268e-06,8.465303e-06,9.070203e-06,9.665367e-06,1.025021e-05,1.082414e-05,1.138661e-05,1.193706e-05,1.247493e-05,1.299972e-05,1.351089e-05,1.400796e-05,1.449042e-05,1.495782e-05,1.540970e-05,1.584562e-05,1.626515e-05,1.666789e-05,1.705345e-05,1.742146e-05,1.777157e-05,1.810344e-05,1.841675e-05,1.871122e-05,1.898656e-05,1.924251e-05,1.947883e-05,1.969532e-05,1.989176e-05,2.006798e-05,2.022382e-05,2.035916e-05,2.047386e-05,2.056784e-05,2.064102e-05,2.069335e-05,2.072480e-05,2.073535e-05,2.072502e-05,2.069383e-05,2.064185e-05,2.056913e-05,2.047578e-05,2.036192e-05,2.022766e-05,2.007318e-05,1.989865e-05,1.970425e-05,1.949021e-05,1.925677e-05,1.900417e-05,1.873269e-05,1.844263e-05,1.813428e-05,1.780799e-05,1.746409e-05,1.710296e-05,1.672497e-05,1.633052e-05,1.592002e-05,1.549390e-05,1.505261e-05,1.459660e-05,1.412636e-05,1.364236e-05,1.314512e-05,1.263513e-05,1.211294e-05,1.157907e-05,1.103408e-05,1.047852e-05,9.912977e-06,9.338015e-06,8.754229e-06,8.162213e-06,7.562574e-06,6.955921e-06,6.342875e-06,5.724057e-06,5.100097e-06,4.471630e-06,3.839291e-06,3.203722e-06,2.565567e-06,1.925470e-06,1.284079e-06,6.420395e-07,0.000000e+00,
2.400000e-01,0.000000e+00,6.971703e-07,1.392938e-06,2.086603e-06,2.777471e-06,3.464850e-06,4.148050e-06,4.826390e-06,5.499191e-06,6.165781e-06,6.825497e-06,7.477681e-06,8.121685e-06,8.756869e-06,9.382602e-06,9.998265e-06,1.060325e-05,1.119695e-05,1.177879e-05,1.234820e-05,1.290460e-05,1.344746e-05,1.397624e-05,1.449042e-05,1.498951e-05,1.547301e-05,1.594045e-05,1.639138e-05,1.682536e-05,1.724197e-05,1.764081e-05,1.802150e-05,1.838366e-05,1.872696e-05,1.905107e-05,1.935568e-05,1.964050e-05,1.990527e-05,2.014973e-05,2.037367e-05,2.057688e-05,2.075917e-05,2.092038e-05,2.106038e-05,2.117903e-05,2.127625e-05,2.135195e-05,2.140608e-05,2.143861e-05,2.144952e-05,2.143884e-05,2.140658e-05,2.135280e-05,2.127758e-05,2.118102e-05,2.106323e-05,2.092436e-05,2.076455e-05,2.058401e-05,2.038292e-05,2.016151e-05,1.992002e-05,1.965872e-05,1.937790e-05,1.907784e-05,1.875887e-05,1.842134e-05,1.806560e-05,1.769203e-05,1.730102e-05,1.689298e-05,1.646834e-05,1.602755e-05,1.557106e-05,1.509935e-05,1.461291e-05,1.411224e-05,1.359787e-05,1.307032e-05,1.253014e-05,1.197788e-05,1.141412e-05,1.083943e-05,1.025441e-05,9.659641e-06,9.055747e-06,8.443341e-06,7.823048e-06,7.195501e-06,6.561340e-06,5.921208e-06,5.275758e-06,4.625644e-06,3.971526e-06,3.314067e-06,2.653932e-06,1.991788e-06,1.328306e-06,6.641529e-07,0.000000e+00,
2.500000e-01,0.000000e+00,7.196581e-07,1.437868e-06,2.153908e-06,2.867061e-06,3.576611e-06,4.281849e-06,4.982069e-06,5.676571e-06,6.364663e-06,7.045659e-06,7.718880e-06,8.383657e-06,9.039329e-06,9.685246e-06,1.032077e-05,1.094526e-05,1.155812e-05,1.215873e-05,1.274650e-05,1.332085e-05,1.388122e-05,1.442705e-05,1.495782e-05,1.547301e-05,1.597210e-05,1.645462e-05,1.692010e-05,1.736808e-05,1.779813e-05,1.820983e-05,1.860280e-05,1.897665e-05,1.933102e-05,1.966558e-05,1.998001e-05,2.027402e-05,2.054733e-05,2.079968e-05,2.103084e-05,2.124060e-05,2.142877e-05,2.159519e-05,2.173970e-05,2.186218e-05,2.196253e-05,2.204067e-05,2.209655e-05,2.213013e-05,2.214140e-05,2.213037e-05,2.209707e-05,2.204156e-05,2.196391e-05,2.186423e-05,2.174265e-05,2.159929e-05,2.143433e-05,2.124796e-05,2.104039e-05,2.081184e-05,2.056256e-05,2.029283e-05,2.000295e-05,1.969321e-05,1.936396e-05,1.901554e-05,1.864833e-05,1.826270e-05,1.785908e-05,1.743788e-05,1.699954e-05,1.654453e-05,1.607332e-05,1.558639e-05,1.508426e-05,1.456744e-05,1.403648e-05,1.349191e-05,1.293431e-05,1.236424e-05,1.178229e-05,1.118907e-05,1.058517e-05,9.971222e-06,9.347849e-06,8.715689e-06,8.075388e-06,7.427599e-06,6.772982e-06,6.112203e-06,5.445933e-06,4.774849e-06,4.099632e-06,3.420965e-06,2.739537e-06,2.056035e-06,1.371151e-06,6.855758e-07,0.000000e+00,
2.600000e-01,0.000000e+00,7.413990e-07,1.481306e-06,2.218978e-06,2.953675e-06,3.684661e-06,4.411204e-06,5.132578e-06,5.848061e-06,6.556941e-06,7.258509e-06,7.952068e-06,8.636928e-06,9.312408e-06,9.977838e-06,1.063256e-05,1.127592e-05,1.190729e-05,1.252604e-05,1.313157e-05,1.372327e-05,1.430057e-05,1.486290e-05,1.540970e-05,1.594045e-05,1.645462e-05,1.695172e-05,1.743126e-05,1.789277e-05,1.833581e-05,1.875995e-05,1.916479e-05,1.954993e-05,1.991501e-05,2.025968e-05,2.058361e-05,2.088650e-05,2.116807e-05,2.142804e-05,2.166619e-05,2.188229e-05,2.207614e-05,2.224758e-05,2.239646e-05,2.252264e-05,2.262602e-05,2.270653e-05,2.276409e-05,2.279869e-05,2.281030e-05,2.279893e-05,2.276462e-05,2.270744e-05,2.262745e-05,2.252476e-05,2.239950e-05,2.225181e-05,2.208187e-05,2.188987e-05,2.167602e-05,2.144057e-05,2.118376e-05,2.090589e-05,2.060724e-05,2.028815e-05,1.994895e-05,1.959001e-05,1.921170e-05,1.881443e-05,1.839861e-05,1.796468e-05,1.751311e-05,1.704435e-05,1.655890e-05,1.605726e-05,1.553996e-05,1.500753e-05,1.446053e-05,1.389951e-05,1.332506e-05,1.273777e-05,1.213824e-05,1.152709e-05,1.090495e-05,1.027246e-05,9.630250e-06,8.978993e-06,8.319348e-06,7.651989e-06,6.977596e-06,6.296854e-06,5.610456e-06,4.919098e-06,4.223483e-06,3.524314e-06,2.822299e-06,2.118149e-06,1.412574e-06,7.062873e-07,0.000000e+00,
2.700000e-01,0.000000e+00,7.623720e-07,1.523210e-06,2.281750e-06,3.037230e-06,3.788894e-06,4.535990e-06,5.277770e-06,6.013494e-06,6.742426e-06,7.463841e-06,8.177019e-06,8.881253e-06,9.575841e-06,1.026010e-05,1.093334e-05,1.159490e-05,1.224413e-05,1.288039e-05,1.350304e-05,1.411148e-05,1.470511e-05,1.528335e-05,1.584562e-05,1.639138e-05,1.692010e-05,1.743126e-05,1.792436e-05,1.839893e-05,1.885450e-05,1.929064e-05,1.970693e-05,2.010297e-05,2.047838e-05,2.083280e-05,2.116589e-05,2.147735e-05,2.176688e-05,2.203421e-05,2.227909e-05,2.250130e-05,2.270064e-05,2.287693e-05,2.303002e-05,2.315977e-05,2.326608e-05,2.334886e-05,2.340806e-05,2.344363e-05,2.345556e-05,2.344388e-05,2.340860e-05,2.334980e-05,2.326754e-05,2.316195e-05,2.303315e-05,2.288128e-05,2.270653e-05,2.250910e-05,2.228920e-05,2.204709e-05,2.178302e-05,2.149728e-05,2.119019e-05,2.086207e-05,2.051328e-05,2.014418e-05,1.975517e-05,1.934666e-05,1.891908e-05,1.847288e-05,1.800853e-05,1.752651e-05,1.702732e-05,1.651150e-05,1.597956e-05,1.543207e-05,1.486959e-05,1.429271e-05,1.370201e-05,1.309810e-05,1.248161e-05,1.185318e-05,1.121344e-05,1.056305e-05,9.902676e-06,9.232996e-06,8.554691e-06,7.868453e-06,7.174982e-06,6.474983e-06,5.769168e-06,5.058253e-06,4.342959e-06,3.624011e-06,2.902138e-06,2.178068e-06,1.452534e-06,7.262671e-07,0.000000e+00,
2.800000e-01,0.000000e+00,7.825567e-07,1.563539e-06,2.342161e-06,3.117644e-06,3.889210e-06,4.656086e-06,5.417505e-06,6.172708e-06,6.920939e-06,7.661454e-06,8.393515e-06,9.116394e-06,9.829372e-06,1.053174e-05,1.122281e-05,1.190189e-05,1.256831e-05,1.322141e-05,1.386055e-05,1.448510e-05,1.509445e-05,1.568799e-05,1.626515e-05,1.682536e-05,1.736808e-05,1.789277e-05,1.839893e-05,1.888606e-05,1.935370e-05,1.980139e-05,2.022870e-05,2.063522e-05,2.102057e-05,2.138437e-05,2.172628e-05,2.204599e-05,2.234318e-05,2.261759e-05,2.286896e-05,2.309705e-05,2.330167e-05,2.348263e-05,2.363977e-05,2.377295e-05,2.388208e-05,2.396705e-05,2.402781e-05,2.406433e-05,2.407658e-05,2.406458e-05,2.402837e-05,2.396801e-05,2.388358e-05,2.377519e-05,2.364298e-05,2.348709e-05,2.330772e-05,2.310506e-05,2.287934e-05,2.263081e-05,2.235975e-05,2.206645e-05,2.175123e-05,2.141442e-05,2.105639e-05,2.067752e-05,2.027821e-05,1.985889e-05,1.941999e-05,1.896197e-05,1.848533e-05,1.799054e-05,1.747815e-05,1.694866e-05,1.640264e-05,1.584066e-05,1.526329e-05,1.467112e-05,1.406478e-05,1.344489e-05,1.281208e-05,1.216701e-05,1.151033e-05,1.084272e-05,1.016486e-05,9.477452e-06,8.781188e-06,8.076781e-06,7.364949e-06,6.646417e-06,5.921914e-06,5.192177e-06,4.457945e-06,3.719962e-06,2.978976e-06,2.235735e-06,1.490992e-06,7.454960e-07,0.000000e+00,
